27
42
38
92
1
91
41
54
11
57
38
70
78
43
59
57
38
6
13
89
26
92
86
75
34
71
70
36
58
12
27
94
84
85
59
31
35
20
7
32
86
77
80
76
40
40
98
31
38
63
74
66
4
35
54
76
61
7
5
23
89
77
73
25
41
74
7
7
50
1
93
1
87
0
64
80
89
18
43
84
33
81
80
69
5
96
72
90
61
37
82
97
76
54
53
46
59
21
16
11
89
43
68
89
94
89
56
61
27
74
56
54
50
50
60
78
92
99
17
48
31
8
26
82
75
90
33
21
9
70
64
79
6
73
67
67
50
46
21
23
8
64
75
99
30
96
66
62
47
33
92
83
1
43
89
38
11
89
0
41
60
93
57
43
48
43
75
84
23
89
94
39
91
82
39
75
97
21
57
28
5
45
17
27
71
95
94
66
78
92
58
63
23
78
80
63
63
46
18
91
18
56
57
39
72
86
48
31
26
90
71
64
34
44
64
59
41
13
11
60
9
39
91
75
39
33
52
52
11
37
74
29
63
5
0
81
62
64
87
7
29
11
94
26
34
21
14
40
73
87
10
26
84
28
20
64
51
81
68
80
84
85
43
42
41
17
32
23
7
31
79
19
24
68
71
82
93
8
42
26
10
26
84
95
40
73
88
55
36
95
59
61
82
81
99
69
60
44
45
27
34
3
88
86
44
29
5
40
71
90
28
76
18
50
37
35
87
38
32
43
89
52
26
18
45
49
80
64
2
6
91
60
95
5
95
25
95
30
46
25
4
74
8
39
73
23
64
34
78
22
42
50
27
18
21
3
97
6
29
16
52
15
49
19
14
44
75
28
61
15
96
59
84
13
39
94
0
45
86
53
70
89
52
86
66
34
95
68
50
44
14
92
40
87
40
18
35
28
64
26
73
11
0
80
51
14
52
55
90
87
67
18
49
76
61
15
92
64
26
58
4
5
0
90
82
65
72
3
10
6
46
32
16
64
46
63
57
17
19
80
96
39
99
31
57
10
6
38
4
84
24
95
75
55
6
31
37
87
45
52
75
38
6
61
33
88
17
24
2
87
81
53
6
84
74
71
52
56
38
43
84
2
38
89
63
50
44
78
86
95
47
31
14
86
58
26
61
13
87
48
98
55
5
23
71
61
99
49
44
53
73
82
57
14
96
51
88
17
75
52
53
31
33
75
15
5
93
39
19
1
62
29
89
78
23
62
36
95
76
72
15
5
39
54
66
84
25
5
22
44
73
13
52
17
60
65
58
40
56
0
80
41
43
33
48
7
99
6
64
99
67
53
11
1
89
20
47
15
75
75
2
84
4
80
38
82
64
91
59
69
85
16
52
17
61
94
53
18
70
6
51
55
52
73
3
84
13
15
14
93
8
69
74
20
36
50
73
26
16
70
74
63
35
8
18
29
82
62
17
52
23
51
71
80
5
57
82
6
90
60
80
24
4
32
15
73
91
23
1
13
58
35
35
35
6
27
66
45
12
40
56
4
46
64
69
2
56
80
94
32
53
59
19
49
73
39
1
62
39
18
83
59
80
17
22
8
15
38
13
29
80
77
11
99
0
75
60
81
90
10
18
26
56
88
99
77
82
21
1
3
84
44
47
64
43
84
84
23
65
37
63
20
58
47
56
48
35
29
21
80
11
7
5
35
74
34
32
78
94
92
37
29
28
73
40
24
67
96
83
71
64
44
63
4
94
44
8
91
74
85
83
49
15
27
81
71
27
73
28
89
30
15
67
67
5
0
58
38
59
21
96
48
40
94
5
31
71
34
84
21
70
97
71
39
65
78
65
14
8
95
22
2
70
3
57
61
22
22
74
40
17
76
0
99
98
31
74
27
2
59
46
6
61
86
48
85
66
77
29
33
16
10
12
41
45
74
72
48
15
47
20
40
27
71
29
87
33
13
58
2
87
26
48
80
82
51
48
84
66
6
89
24
55
19
50
21
20
46
73
24
29
62
7
92
62
24
52
93
81
18
0
41
58
99
28
81
13
9
19
77
41
35
97
10
49
5
61
88
48
65
11
60
59
4
24
94
25
94
18
40
31
55
49
20
78
43
88
21
66
80
54
70
99
75
41
11
51
85
20
36
94
77
5
76
5
16
74
91
18
21
85
48
58
91
28
27
49
96
87
43
82
99
73
68
39
54
49
87
64
43
36
63
1
61
49
44
47
28
58
55
39
41
15
74
34
71
82
62
57
60
0
3
64
84
11
67
22
85
33
35
40
62
1
55
0
78
97
57
38
2
